-1.0E-4	0.02360296
-9.899497E-5	0.023451265
-9.798995E-5	0.023337197
-9.698492E-5	0.023260754
-9.59799E-5	0.023221936
-9.497487E-5	0.023220744
-9.3969844E-5	0.02325718
-9.296482E-5	0.02333124
-9.1959795E-5	0.023442926
-9.0954774E-5	0.023592237
-8.9949746E-5	0.023779174
-8.894472E-5	0.02400374
-8.79397E-5	0.024265928
-8.693467E-5	0.024565745
-8.592965E-5	0.024903184
-8.492462E-5	0.025284415
-8.39196E-5	0.025736582
-8.291457E-5	0.026232649
-8.1909544E-5	0.026772613
-8.090452E-5	0.027356468
-7.9899495E-5	0.027984226
-7.8894474E-5	0.028655875
-7.788945E-5	0.029371426
-7.688442E-5	0.030168053
-7.587939E-5	0.0311938
-7.487437E-5	0.032311693
-7.386935E-5	0.033521734
-7.286432E-5	0.03482394
-7.185929E-5	0.036218293
-7.0854265E-5	0.037704803
-6.9849244E-5	0.03928345
-6.884422E-5	0.04099358
-6.7839195E-5	0.04284992
-6.683417E-5	0.044794414
-6.582914E-5	0.046827048
-6.482412E-5	0.04894782
-6.38191E-5	0.051156733
-6.281407E-5	0.053453807
-6.180904E-5	0.055839032
-6.080402E-5	0.058312383
-5.9798993E-5	0.0608739
-5.879397E-5	0.06352355
-5.7788944E-5	0.06626135
-5.678392E-5	0.0690873
-5.577889E-5	0.0720014
-5.4773867E-5	0.07514407
-5.3768843E-5	0.07863202
-5.276382E-5	0.08226563
-5.175879E-5	0.08619647
-5.075377E-5	0.09026703
-4.974874E-5	0.094477385
-4.8743717E-5	0.09882747
-4.7738693E-5	0.103317305
-4.6733665E-5	0.10794692
-4.572864E-5	0.11271626
-4.4723616E-5	0.117625356
-4.371859E-5	0.122674204
-4.271357E-5	0.1278628
-4.170854E-5	0.13319118
-4.0703515E-5	0.1386593
-3.9698494E-5	0.14426714
-3.869347E-5	0.15001476
-3.768844E-5	0.15590213
-3.6683414E-5	0.16192238
-3.5678393E-5	0.16804327
-3.4673365E-5	0.1742908
-3.3668337E-5	0.18066493
-3.2663316E-5	0.18729636
-3.165829E-5	0.19458288
-3.0653267E-5	0.20217696
-2.964824E-5	0.21003659
-2.8643211E-5	0.21800348
-2.763819E-5	0.22607757
-2.663317E-5	0.2342589
-2.5628142E-5	0.24254754
-2.4623114E-5	0.25094345
-2.3618093E-5	0.25944653
-2.2613065E-5	0.26805693
-2.1608044E-5	0.2767745
-2.0603009E-5	0.28559947
-1.9597988E-5	0.29453155
-1.8592968E-5	0.30357087
-1.758794E-5	0.31271753
-1.6582911E-5	0.32197142
-1.557789E-5	0.3313325
-1.4572863E-5	0.3408009
-1.3567842E-5	0.3503765
-1.2562814E-5	0.36005938
-1.1557786E-5	0.36984953
-1.0552765E-5	0.37974685
-9.547737E-6	0.38987106
-8.542716E-6	0.40008065
-7.5376884E-6	0.41031757
-6.5326603E-6	0.42058173
-5.5276396E-6	0.43087307
-4.522619E-6	0.44119167
-3.5175835E-6	0.45153764
-2.5125628E-6	0.46191072
-1.507542E-6	0.47231108
-5.02514E-7	0.48273873
5.02514E-7	0.49319363
1.5075348E-6	0.5036757
2.5125628E-6	0.51424885
3.5175908E-6	0.5248658
4.5226116E-6	0.53552336
5.5276396E-6	0.5462217
6.5326676E-6	0.55696064
7.5376884E-6	0.5677402
8.542716E-6	0.57837236
9.547737E-6	0.58887243
1.0552765E-5	0.599268
1.1557793E-5	0.60968
1.2562814E-5	0.61998737
1.3567842E-5	0.6301491
1.4572855E-5	0.6401651
1.557789E-5	0.6500356
1.6582919E-5	0.6597604
1.7587932E-5	0.66933936
1.8592968E-5	0.6787729
1.9597996E-5	0.6880607
2.0603009E-5	0.69720274
2.1608044E-5	0.7061992
2.2613058E-5	0.7150499
2.3618086E-5	0.72375506
2.4623114E-5	0.7323146
2.5628142E-5	0.7407284
2.663317E-5	0.74899656
2.7638183E-5	0.75711894
2.8643211E-5	0.7650958
2.964824E-5	0.7729269
3.0653267E-5	0.7806124
3.1658295E-5	0.7881523
3.2663324E-5	0.7955465
3.3668337E-5	0.8027949
3.4673365E-5	0.8098977
3.5678393E-5	0.8168549
3.668342E-5	0.82366645
3.768845E-5	0.8303323
3.8693463E-5	0.83685243
3.969849E-5	0.84322697
4.070352E-5	0.84945583
4.1708547E-5	0.855539
4.2713575E-5	0.86130154
4.3718588E-5	0.86685896
4.4723616E-5	0.8722709
4.5728644E-5	0.87753725
4.6733658E-5	0.88265795
4.77387E-5	0.8874853
4.8743714E-5	0.89203095
4.974874E-5	0.8964504
5.075377E-5	0.90074366
5.1758783E-5	0.90491056
5.276381E-5	0.9089513
5.3768854E-5	0.91286576
5.4773867E-5	0.91665393
5.5778895E-5	0.9203159
5.678391E-5	0.9238516
5.7788937E-5	0.9272611
5.879398E-5	0.93054444
5.9798993E-5	0.93370134
6.080402E-5	0.9367321
6.180905E-5	0.9395089
6.281406E-5	0.94203943
6.381909E-5	0.94445837
6.482412E-5	0.9467658
6.582915E-5	0.94896156
6.6834175E-5	0.95104575
6.783919E-5	0.95301837
6.8844216E-5	0.95512426
6.9849244E-5	0.95708597
7.085427E-5	0.9589018
7.18593E-5	0.96058655
7.286431E-5	0.9617621
7.386934E-5	0.9628885
7.487437E-5	0.96396583
7.58794E-5	0.9649941
7.6884426E-5	0.9659732
7.788944E-5	0.96690327
7.889447E-5	0.9677843
7.9899495E-5	0.96865237
8.090452E-5	0.9694709
8.190955E-5	0.97023493
8.2914565E-5	0.9709444
8.391959E-5	0.9715994
8.492462E-5	0.97219986
8.592965E-5	0.97274584
8.693468E-5	0.9732373
8.7939705E-5	0.97367424
8.894472E-5	0.97405666
8.9949746E-5	0.9743846
9.095476E-5	0.974658
9.19598E-5	0.97487694
9.296483E-5	0.97504133
9.3969844E-5	0.97515124
9.497487E-5	0.9752066
9.59799E-5	0.9752075
9.698491E-5	0.97515386
9.7989956E-5	0.97504574
