% x                      y                        z                        
-1.0E-4                  0.062667795              
-9.899497E-5             0.06237029               
-9.798995E-5             0.061961833              
-9.698492E-5             0.0615783                
-9.59799E-5              0.06127899               
-9.497487E-5             0.061063893              
-9.3969844E-5            0.06093302               
-9.296482E-5             0.06088636               
-9.1959795E-5            0.060935766              
-9.0954774E-5            0.06110419               
-8.9949746E-5            0.061351743              
-8.894472E-5             0.06167842               
-8.79397E-5              0.062084224              
-8.693467E-5             0.06256916               
-8.592965E-5             0.06313321               
-8.492462E-5             0.063776396              
-8.39196E-5              0.06449871               
-8.291457E-5             0.065300144              
-8.1909544E-5            0.06618071               
-8.090452E-5             0.06714039               
-7.9899495E-5            0.06817921               
-7.8894474E-5            0.06929716               
-7.788945E-5             0.07049423               
-7.688442E-5             0.07177043               
-7.587939E-5             0.07312576               
-7.487437E-5             0.074560195              
-7.386935E-5             0.076073766              
-7.286432E-5             0.07766647               
-7.185929E-5             0.079338305              
-7.0854265E-5            0.081089266              
-6.9849244E-5            0.08291934               
-6.884422E-5             0.08482854               
-6.7839195E-5            0.08681688               
-6.683417E-5             0.088884346              
-6.582914E-5             0.09103094               
-6.482412E-5             0.09336372               
-6.38191E-5              0.09585063               
-6.281407E-5             0.09841777               
-6.180904E-5             0.10106511               
-6.080402E-5             0.10379263               
-5.9798993E-5            0.10673794               
-5.879397E-5             0.10995014               
-5.7788944E-5            0.11328414               
-5.678392E-5             0.116739936              
-5.577889E-5             0.12031753               
-5.4773867E-5            0.12401692               
-5.3768843E-5            0.1278381                
-5.276382E-5             0.13178107               
-5.175879E-5             0.13584587               
-5.075377E-5             0.14003241               
-4.974874E-5             0.1443408                
-4.8743717E-5            0.14877096               
-4.7738693E-5            0.1533229                
-4.6733665E-5            0.15799668               
-4.572864E-5             0.16279222               
-4.4723616E-5            0.16770957               
-4.371859E-5             0.17274871               
-4.271357E-5             0.17790963               
-4.170854E-5             0.18319239               
-4.0703515E-5            0.18859692               
-3.9698494E-5            0.19412322               
-3.869347E-5             0.19977133               
-3.768844E-5             0.20554127               
-3.6683414E-5            0.211433                 
-3.5678393E-5            0.21744648               
-3.4673365E-5            0.2235818                
-3.3668337E-5            0.22983892               
-3.2663316E-5            0.23621523               
-3.165829E-5             0.24270833               
-3.0653267E-5            0.24932198               
-2.964824E-5             0.2560563                
-2.8643211E-5            0.2629113                
-2.763819E-5             0.26988682               
-2.663317E-5             0.27698296               
-2.5628142E-5            0.2841998                
-2.4623114E-5            0.2915965                
-2.3618093E-5            0.29916438               
-2.2613065E-5            0.30678278               
-2.1608044E-5            0.3144516                
-2.0603009E-5            0.32217106               
-1.9597988E-5            0.32994086               
-1.8592968E-5            0.33776116               
-1.758794E-5             0.345632                 
-1.6582911E-5            0.35355332               
-1.557789E-5             0.361532                 
-1.4572863E-5            0.36961228               
-1.3567842E-5            0.37773767               
-1.2562814E-5            0.3859083                
-1.1557786E-5            0.39412415               
-1.0552765E-5            0.40238515               
-9.547737E-6             0.4106914                
-8.542716E-6             0.4190428                
-7.5376884E-6            0.42743945               
-6.5326603E-6            0.43588132               
-5.5276396E-6            0.4443683                
-4.522619E-6             0.45292947               
-3.5175835E-6            0.4615193                
-2.5125628E-6            0.47012973               
-1.507542E-6             0.47876087               
-5.02514E-7              0.48741278               
5.02514E-7               0.4960854                
1.5075348E-6             0.5047787                
2.5125628E-6             0.51345325               
3.5175908E-6             0.5220585                
4.5226116E-6             0.53062534               
5.5276396E-6             0.53915393               
6.5326676E-6             0.5476442                
7.5376884E-6             0.5560961                
8.542716E-6              0.5645097                
9.547737E-6              0.5728849                
1.0552765E-5             0.5812219                
1.1557793E-5             0.58952045               
1.2562814E-5             0.5977807                
1.3567842E-5             0.6060027                
1.4572855E-5             0.61418617               
1.557789E-5              0.62233424               
1.6582919E-5             0.6304467                
1.7587932E-5             0.638521                 
1.8592968E-5             0.6465576                
1.9597996E-5             0.6545563                
2.0603009E-5             0.66251683               
2.1608044E-5             0.67043966               
2.2613058E-5             0.67832434               
2.3618086E-5             0.6861712                
2.4623114E-5             0.6939801                
2.5628142E-5             0.7015984                
2.663317E-5              0.7090183                
2.7638183E-5             0.71631527               
2.8643211E-5             0.7234897                
2.964824E-5              0.7305413                
3.0653267E-5             0.7374702                
3.1658295E-5             0.74427634               
3.2663324E-5             0.75095975               
3.3668337E-5             0.7575203                
3.4673365E-5             0.7639582                
3.5678393E-5             0.7702734                
3.668342E-5              0.77646583               
3.768845E-5              0.7825355                
3.8693463E-5             0.78848237               
3.969849E-5              0.7943066                
4.070352E-5              0.800008                 
4.1708547E-5             0.80558676               
4.2713575E-5             0.8110427                
4.3718588E-5             0.81637585               
4.4723616E-5             0.8215864                
4.5728644E-5             0.8266741                
4.6733658E-5             0.831639                 
4.77387E-5               0.83648133               
4.8743714E-5             0.84120077               
4.974874E-5              0.84576416               
5.075377E-5              0.85015                  
5.1758783E-5             0.8544152                
5.276381E-5              0.85855997               
5.3768854E-5             0.86258423               
5.4773867E-5             0.86648786               
5.5778895E-5             0.870271                 
5.678391E-5              0.8739336                
5.7788937E-5             0.87762374               
5.879398E-5              0.8812418                
5.9798993E-5             0.88448673               
6.080402E-5              0.88762534               
6.180905E-5              0.8906574                
6.281406E-5              0.89350426               
6.381909E-5              0.8961885                
6.482412E-5              0.89876807               
6.582915E-5              0.901243                 
6.6834175E-5             0.9036131                
6.783919E-5              0.90587854               
6.8844216E-5             0.90803933               
6.9849244E-5             0.9100954                
7.085427E-5              0.91204673               
7.18593E-5               0.9138934                
7.286431E-5              0.9156353                
7.386934E-5              0.91727257               
7.487437E-5              0.9188051                
7.58794E-5               0.92023295               
7.6884426E-5             0.9215983                
7.788944E-5              0.92293316               
7.889447E-5              0.92419857               
7.9899495E-5             0.9253946                
8.090452E-5              0.9265212                
8.190955E-5              0.9275784                
8.2914565E-5             0.9285661                
8.391959E-5              0.9293784                
8.492462E-5              0.9299802                
8.592965E-5              0.9305288                
8.693468E-5              0.9310241                
8.7939705E-5             0.9314661                
8.894472E-5              0.9318548                
8.9949746E-5             0.9321902                
9.095476E-5              0.9324607                
9.19598E-5               0.93263143               
9.296483E-5              0.93276095               
9.3969844E-5             0.93284917               
9.497487E-5              0.9328962                
9.59799E-5               0.932902                 
9.698491E-5              0.9328666                
9.7989956E-5             0.93278986               
9.899497E-5              0.93267196               
1.0E-4                   0.9325129                
